-0.175151
0.201682
-0.528320
-0.007145
-0.373418
2.858510
2.635740
-0.500413
2.757542
-0.227386
2.810700
2.654325
0.019608
2.889755
2.853832
0.228914
-0.409747
-0.178005
-0.018367
-0.428566
-0.205921
-0.817036
2.662300
-0.336420
2.548562
2.924735
-0.355526
-0.043626
-0.150344
-0.265189
-0.531706
3.075134
2.960954
2.948289
-0.023297
2.742545
2.439649
2.846924
-0.609769
-0.238485
-0.183076
2.933472
-0.828079
2.511678
-0.236508
-0.331597
3.091018
2.565593
-0.558134
3.042878
-0.396993
-0.240741
-0.141246
-0.582546
-0.547755
3.021780
3.214194
-0.206517
2.521646
0.095164
2.473726
-0.195862
-0.875927
2.787033
-0.352080
-0.316295
-0.879808
0.041086
-0.365701
-0.479643
2.718567
2.918225
-0.285062
-0.346201
0.015309
-0.269360
3.025129
-0.291269
3.011909
-0.306328
2.880674
-0.182498
2.642542
-0.253683
-0.209361
-0.517657
-0.467062
2.648254
-2.990333
-0.332798
2.817422
-0.182817
-0.259259
-0.461547
-0.559744
2.244246
-0.506286
2.841116
-0.524190
-0.292005
-0.467600
-0.316475
2.526463
-0.483043
2.471709
0.287793
-0.393492
-0.167970
-0.468843
-0.531163
2.632600
2.648819
2.698493
2.866501
3.216560
2.944755
-0.313747
2.458685
-0.384497
-0.374358
2.526708
2.645469
2.686626
-0.506434
2.990036
-0.443610
2.583841
2.996441
2.719325
-0.045660
-0.436668
0.028338
-0.417542
-0.574769
-0.263699
-0.053521
2.805358
-0.212207
-0.428100
2.819634
-0.255767
-0.238017
2.647420
-0.504471
-0.235018
2.466777
-0.273874
2.863371
-0.208177
-0.482054
2.646846
2.578480
2.923428
-0.267226
2.700882
-0.352081
2.832486
-0.339504
-0.340584
2.727751
-0.250822
-0.147058
2.746774
2.708411
2.339969
-0.353428
2.873184
2.845622
2.991746
2.657249
2.859542
2.489147
-0.230324
-0.138448
-0.312365
-0.340785
-0.443677
2.698577
2.728773
3.042436
-0.290910
-0.398222
2.483955
-0.002596
-0.225360
-0.871859
2.511690
0.431654
2.767304
-0.114275
2.605255
-0.956680
-0.546301
2.940782
2.730513
-0.253212
-0.108095
-0.175777
-0.353739
3.095333
2.778099
2.568429
-0.266310
-0.682085
-3.060402
-0.059073
2.915551
2.499842
-0.104226
-0.516700
2.395443
3.026466
-0.153384
-0.432990
2.843116
2.820535
-0.243453
-0.179738
-0.134331
2.928583
-0.466256
-0.414329
0.026718
-0.572052
2.776743
-0.322675
2.687998
2.404801
2.818450
-0.315404
-0.229822
2.782751
-0.164589
2.716879
-0.407010
2.928693
-0.158283
-0.445305
-0.391897
-2.932670
2.950450
2.781928
2.887348
-0.342480
-0.374075
-0.236562
3.165717
2.832642
-0.564203
-0.247463
2.665657
-0.515880
3.047567
3.052172
-0.144311
-0.502340
2.991885
-0.192752
2.796689
-0.423765
2.828890
2.685303
3.080936
-0.149014
2.667948
2.955476
-0.229923
2.993559
-0.501387
-0.379892
-0.164512
2.450311
-0.419975
2.916269
-0.117241
2.955647
2.885899
-0.439273
-0.330236
3.188708
2.668611
2.779571
3.305577
2.907755
-0.293768
-0.424047
3.258383
-0.065043
-0.570705
-0.443157
3.320331
-0.255157
-0.254420
2.782633
-0.073718
3.005895
2.722128
-0.201598
2.863588
-0.521398
3.021029
3.114165
2.726479
2.668329
2.839002
2.886472
-0.412975
2.643708
-0.272269
-0.184974
-0.260235
2.473893
2.846307
-0.651393
2.535664
-0.369346
-0.574184
0.026741
-0.409359
2.613196
2.640824
-0.036195
2.477753
-0.286911
-0.445313
2.474161
0.140777
-0.086919
2.889817
0.007542
-0.501607
-0.503423
2.685061
2.890947
3.075153
-0.207108
3.335449
-0.190283
2.955315
3.033471
-0.181228
2.911141
0.010972
2.723300
3.123317
2.613373
2.788877
-0.408100
2.995528
-0.260617
3.075718
-0.361347
2.603056
-0.577898
3.195177
-0.426587
-0.405534
-0.083738
-0.308797
2.748772
2.881341
-0.271331
-0.545466
-0.320190
2.732056
-0.289435
-0.082881
2.930120
2.657436
-0.047507
-0.146783
2.970212
2.376291
2.759942
-0.451839
-0.484942
-0.272307
2.926583
-0.427935
-0.449142
2.649790
-0.470593
-0.443578
2.943684
2.927473
2.392780
-0.540235
2.975245
-0.652868
-0.341714
-2.958555
2.778598
2.671936
2.756347
2.629380
2.682333
-0.396417
-0.138956
-0.443301
2.800536
-0.354596
3.059175
-0.089135
2.748877
2.740780
-0.204701
-0.595398
2.951679
2.598710
-0.516556
-0.513420
2.988270
2.974872
0.060520
-0.257379
-0.031174
2.767112
-0.418667
3.083337
2.567284
-0.067570
2.795263
-0.253452
2.783409
-0.093367
2.587570
3.318353
-0.290658
2.642569
-0.443196
2.765064
2.599710
3.160801
-0.582322
-0.033818
-0.134063
-0.176196
-0.321153
-0.498824
2.699513
3.031082
2.579055
-0.044162
-0.435022
2.853368
2.885848
3.037346
2.602869
2.704261
-0.551962
-0.494688
-0.351879
-0.129247
2.701862
2.860484
-0.377858
3.087904
-0.208309
2.834007
-0.170123
-0.339107
2.920030
2.776799
2.971145
-0.132579
-0.571559
2.480491
-0.565300
2.910509
-0.409047
-0.085244
-0.037875
-0.415652
-0.740294
-0.710804
-0.112305
-0.213808
-0.335898
-0.250978
-0.280043
3.202087
-0.683551
2.752168
2.937765
3.292855
-0.370824
-0.249370
2.978785
2.808915
-0.241020
2.992794
-0.557587
-0.609452
2.827984
3.011942
0.000811
-0.165239
2.817167
2.820599
2.847759
2.815212
-0.350496
-0.471866
2.737136
2.751211
-0.114737
2.678710
2.586484
-0.401212
2.976481
2.647648
2.667719
2.900240
2.839136
-0.239357
2.838646
-0.373228
2.990535
2.979743
2.627594
-0.475885
2.585472
-0.544393
-0.092326
2.681944
-0.178762
2.844261
2.823589
2.639104
-0.262346
-0.204203
-0.194267
2.870950
-0.432108
2.901853
-0.325830
-0.558629
-0.331741
2.759607
2.821905
2.971398
0.070803
-0.223995
-2.913868
2.675589
-0.328823
-0.379761
-0.105359
-0.173210
-0.713479
2.904413
2.919497
-3.077544
2.423866
2.685717
-0.420609
-0.192722
-0.052880
2.766102
2.435682
-0.087988
-0.247158
2.991493
-0.249052
-0.235685
-0.047519
-0.323805
2.763569
-0.519304
2.946255
-0.210514
-0.103587
-0.532893
-0.526544
3.020530
2.734475
2.883377
2.742838
2.746847
-0.617314
2.973818
-0.147842
2.346526
2.637558
3.126770
2.826585
-0.350124
-0.425388
-0.467562
-3.119568
-0.046342
-0.134840
3.204617
-0.066252
2.908337
3.092135
2.435761
-0.203845
2.594846
2.860705
2.948079
2.591115
-0.154165
2.930896
-0.495006
-0.886857
-0.271196
-0.007690
3.092266
2.589487
2.515848
3.094111
-0.391190
-0.611200
-0.535678
3.076832
-0.466727
-0.504568
-0.274052
-0.138691
-0.137093
3.103841
-0.389598
-0.633759
2.676297
2.915632
-0.564776
2.844113
-0.505828
-0.098431
3.101441
0.174694
-0.223327
-0.007458
-0.489291
-0.317508
-0.401983
0.008288
2.489037
2.537572
-0.156366
-0.605758
2.892294
-0.137730
2.376475
2.804306
2.679349
-0.258104
-0.336240
-0.101587
2.850472
-0.303615
-0.193336
2.675983
3.024551
2.787313
2.585261
-0.460417
2.817735
2.716461
0.164536
2.576887
2.794348
-0.582063
3.143715
3.016273
2.889252
2.652762
3.044592
-0.405503
-0.396546
2.895634
2.965082
2.764263
2.771384
-0.210707
2.727187
2.786555
-0.133507
-0.583092
-0.250407
2.914523
-0.074044
3.151564
2.556449
2.630353
2.781169
2.476661
2.874683
3.059593
-0.072757
-0.307230
0.087103
-0.264112
2.708771
-0.279214
-0.014555
2.483928
2.960447
2.673778
-0.047123
-0.123256
3.120654
2.472596
3.003102
2.557583
2.648831
2.864073
-0.608581
-0.351035
-0.342917
2.647814
3.090313
2.685881
-2.807132
-0.468139
2.483922
2.807351
-0.406433
2.441066
-0.364429
-0.166183
-0.229182
2.776617
-0.442792
2.610225
-0.607968
-0.094089
-0.538496
-0.596700
-0.169656
-0.033925
-0.402219
-0.157150
-0.136019
-0.357669
2.780760
0.039497
2.763118
2.720684
-0.547159
-0.397688
-0.348751
-0.117086
0.060902
2.492433
-0.030732
3.029657
-0.846383
2.824251
2.603552
2.846724
-0.068867
2.547270
3.176877
3.051816
2.717251
2.665614
2.825875
2.851766
2.920363
2.631547
2.873449
-0.146769
2.706726
3.258147
0.314970
3.011484
2.779397
3.279231
2.703580
2.793766
-0.197296
2.583830
2.890929
-0.528644
2.811233
-0.414206
-0.087537
2.431593
-0.214755
3.267065
2.911789
-0.137971
2.844394
-0.126603
-0.403645
2.728543
0.112427
-0.026305
2.851029
-3.029119
3.060986
2.700393
2.368505
-0.769508
-0.365676
-0.596503
2.705880
-0.231993
-0.337881
2.746034
2.852853
2.850758
-0.254508
2.622290
2.605372
-0.317052
2.679558
2.886815
-0.353272
2.515504
-0.140779
-0.583826
2.630529
-0.351623
-0.271915
3.185241
2.661551
2.980280
-0.306983
2.870177
-0.253304
-3.166186
2.807829
-0.240600
2.984086
2.931964
-0.326860
-0.319982
-0.136533
-0.319999
2.889600
0.052555
2.570048
2.826718
-0.705456
-0.424491
-0.529463
-0.229251
-0.326251
2.813467
2.568720
-0.018764
2.728457
-0.319956
-0.211102
-0.085666
2.882003
-0.240000
2.836897
2.994557
2.756358
2.787728
-0.303927
-0.406265
2.954718
-0.212896
3.130178
2.909636
-0.476182
2.901516
-0.123486
-0.175524
2.721409
2.710061
-0.493344
-0.554476
2.560825
-0.921126
-0.309055
2.757226
2.838125
-0.130956
2.672385
0.226790
-0.205458
-0.257794
2.798975
-0.368382
2.668547
-3.207447
2.798483
2.982922
2.816318
-0.245341
3.175588
2.433808
-0.164228
2.880846
2.901543
2.727124
2.584588
-3.226191
0.003869
-0.084015
2.601791
2.836980
2.718482
-0.207387
3.147920
-0.113352
2.876918
2.857929
3.098136
2.562428
-0.203961
-0.120662
-0.020156
-0.236031
2.858636
2.728214
-0.270623
-0.587023
0.679887
0.065892
2.663446
3.142978
2.936937
3.108093
-0.358422
-0.326163
-0.130067
-0.236722
2.653650
-0.534868
2.924309
3.024170
-0.447228
-0.491831
-0.154442
2.675405
3.096715
3.045096
3.114370
2.772354
-0.287193
-0.305385
-0.176369
-0.178037
2.754027
-0.331456
2.728200
-0.686916
2.864830
2.742430
2.766139
3.059587
-0.100023
2.306726
2.631439
-0.398214
3.011113
2.826278
3.076488
-0.383194
2.507445
-0.792327
-0.118971
-0.494820
-0.388664
-0.191312
2.884133
2.851787
-0.431272
2.483888
-0.247268
2.747131
-0.290357
-0.372801
-0.434556
-0.758734
2.463538
2.900359
2.986902
-0.167533
-0.396430
2.675249
2.704218
-0.506301
2.974863
2.903186
2.911669
-0.412341
2.696761
2.900125
-0.310421
-0.363193
-0.225581
3.046441
2.942366
-0.071906
-0.557508
-0.434935
-0.553898
2.780663
2.951333
-0.315015
3.084270
2.632724
2.656005
3.087766
-0.571626
2.704898
2.718048
-0.264518
2.672712
-0.387773
3.039955
2.822316
2.766288
2.818780
-0.459807
2.995512
2.407013
-0.126376
-0.337805
-0.467482
3.156094
2.615282
-0.231383
-0.480314
2.641470
-0.233955
